207 247 1647.242846339941 1654.6423322427952 Auckland_0_0
214 256 1656.0769185735012 1663.4764044763554 Hamilton_0_1
211 253 1663.6039931965447 1671.0034790993989 Hamilton_0_0
218 261 1676.4203729954136 1683.8198588982677 Napier_1_0
217 259 1684.2312949097613 1691.6307808126155 Napier_0_0
220 266 1701.2563426494598 1708.655828552314 Wellington_0_1
219 263 1708.8011753250719 1716.200661227926 Wellington_0_0
210 250 1749.1825748980045 1756.5820608008587 Christchurch_0_0
266 334 3410.336398333311 3417.735884236165 Cape Town_0_0
267 336 3417.8832013108067 3425.2826872136607 Cape Town_1_0
276 346 3450.17863458395 3457.578120486804 George_0_0
277 348 3457.621578457879 3465.021064360733 George_0_1
312 385 3506.6591270267963 3514.0586129296503 Vaal_0_0
311 383 3580.1636739969254 3587.5631598997793 Upington_0_0
327 414 4549.83839532733 4557.237881230184 Cadiz_1_0
326 411 4557.716704913507 4565.116190816361 Cadiz_0_0
362 475 4566.944614313696 4574.34410021655 Sevilla_1_0
361 472 4574.6877027094015 4582.087188612256 Sevilla_0_1
240 296 4590.735322788713 4598.134808691568 Lisboa_0_0
238 290 4599.197633751344 4606.597119654199 Alverca do Ribatejo_1_0
236 284 4607.138357638504 4614.537843541359 Alverca do Ribatejo_0_0
241 299 4614.905567437577 4622.305053340431 Lisboa_0_1
244 308 4622.884173227303 4630.2836591301575 Vila Franca Xira_0_0
239 293 4630.76273549779 4638.162221400645 Alverca do Ribatejo_1_1
237 287 4638.70098292089 4646.100468823744 Alverca do Ribatejo_0_1
340 435 4660.5155244281505 4667.915010331005 Getafe_0_0
341 437 4667.974696335178 4675.3741822380325 Getafe_0_1
256 320 4686.2270025171765 4693.626488420031 Vila Nova de Famalicao_0_0
257 323 4693.759775145046 4701.1592610479 Vila Nova de Famalicao_0_1
366 483 4701.267320314948 4708.666806217802 Vigo_0_0
369 486 4708.8003408555305 4716.199826758385 Vigo_0_1
355 462 4734.214359870399 4741.613845773253 Rubi_0_0
356 464 4741.745696915243 4749.145182818097 Rubi_1_0
342 439 4752.890441559806 4760.289927462661 Irun_0_0
343 441 4760.322673835742 4767.722159738596 Irun_0_1
82 102 4768.626589713743 4776.026075616597 Nantes_0_0
83 104 4776.198558888838 4783.598044791693 Nantes_1_0
84 106 4792.1632025539875 4799.562688456842 Nice_0_0
86 108 4799.563374695129 4806.962860597983 Nice_0_1
400 524 4813.823079829079 4821.222565731933 Barry_0_0
415 555 4831.258111675412 4838.657597578266 Heathrow_0_0
416 557 4838.787990406358 4846.187476309213 Heathrow_1_0
417 559 4848.034658454236 4855.43414435709 Home_0_0
422 569 4856.859839576025 4864.259325478879 Northampton_0_0
423 571 4864.392715799178 4871.792201702033 Northampton_1_0
38 48 4874.8005841233535 4882.200070026208 Houdeng-Goegnies_0_0
402 529 4890.078753583711 4897.478239486565 Belfast_0_0
384 503 4906.757449663656 4914.156935566511 Berne_0_1
40 52 4915.399390128023 4922.798876030877 SCHOTEN_0_0
42 56 4922.874590022372 4930.2740759252265 SCHOTEN_1_0
41 54 4930.351006461853 4937.7504923647075 SCHOTEN_0_1
43 58 4937.825929740794 4945.225415643648 SCHOTEN_1_1
124 150 4946.517656549456 4953.91714245231 Freiburg_0_0
385 505 4954.15072000303 4961.5502059058845 Zurich_0_0
156 184 4962.094010484869 4969.493496387723 Troisdorf-Spich_0_0
158 186 4969.550436351312 4976.949922254166 Troisdorf-Spich_1_0
389 513 4981.898065333027 4989.297551235882 Aberdeen_0_0
388 511 4987.380019522845 4994.779505425699 Zurich_1_1
140 168 4994.901000525075 5002.300486427929 Mannheim_0_0
108 132 5002.6817254287325 5010.081211331587 Dortmund_0_1
112 136 5010.135355618926 5017.53484152178 Dortmund_1_1
116 142 5017.907932774767 5025.307418677621 Frankfurt_0_0
118 144 5025.312545607379 5032.712031510234 Frankfurt_0_1
120 146 5032.765300543903 5040.164786446758 Frankfurt_1_0
122 148 5040.1700120425485 5047.569497945403 Frankfurt_1_1
98 122 5047.682402317797 5055.081888220651 Bremen_0_0
100 124 5055.088618485658 5062.4881043885125 Bremen_0_1
102 126 5062.540707861018 5069.940193763872 Bremen_1_0
104 128 5069.947008674728 5077.346494577582 Bremen_1_1
9 10 7427.3818553984165 7434.781341301271 Brisbane_1_0
8 8 7435.083703508508 7442.483189411362 Brisbane_0_0
28 38 7526.861289083958 7534.260774986812 Sydney_0_1
26 36 7534.371731814338 7541.7712177171925 Sydney_0_0
25 33 7645.489407211542 7652.8888931143965 Melbourne_1_1
24 30 7652.962745900391 7660.362231803246 Melbourne_1_0
23 27 7660.579857760218 7667.9793436630725 Melbourne_0_1
19 21 7667.9968464198255 7675.39633232268 Derrimut_1_1
22 24 7675.486453370171 7682.8859392730255 Melbourne_0_0
16 18 7682.903612747872 7690.3030986507265 Derrimut_1_0
13 15 7690.51569234522 7697.915178248074 Derrimut_0_1
10 12 7697.986416472702 7705.385902375557 Derrimut_0_0
215 257 7761.294036788227 7768.693522691081 Hamilton_0_1
212 254 7768.6944500910195 7776.093935993874 Hamilton_0_0
189 222 12326.838797360659 12334.238283263512 Narita_0_1
188 221 12334.270653610523 12341.670139513377 Narita_0_0
195 228 12342.195723476474 12349.595209379328 Tokyo_1_1
193 226 12349.795121907287 12357.194607810141 Tokyo_0_1
194 227 12357.423991948013 12364.823477850867 Tokyo_1_0
192 225 12365.024576344535 12372.424062247388 Tokyo_0_0
191 224 12410.076515108347 12417.4760010112 Osaka_0_1
190 223 12417.485541527825 12424.885027430679 Osaka_0_0
2 2 13421.919899225235 13429.319385128088 Adelaide_0_1
6 6 13429.716997737187 13437.11648364004 Adelaide_1_1
0 0 13437.430086272778 13444.829572175631 Adelaide_0_0
4 4 13445.224446752893 13452.623932655746 Adelaide_1_0
14 16 13500.314944505692 13507.714430408545 Derrimut_0_1
20 22 13507.861780267658 13515.261266170512 Derrimut_1_1
11 13 13515.392202811292 13522.791688714145 Derrimut_0_0
17 19 13522.938271973717 13530.33775787657 Derrimut_1_0
