301 373 426.0320870876312 433.43157299048534 Port Elizabeth_0_0
303 375 433.744294080346 441.1437799832001 Port Elizabeth_1_0
302 374 441.3395332412553 448.7390191441094 Port Elizabeth_0_1
304 376 449.0497290306451 456.4492149334992 Port Elizabeth_1_1
271 341 460.2181992708864 467.6176851737405 East London_0_0
272 342 467.7043379969588 475.10382389981294 East London_0_1
264 332 516.1447575390339 523.5442434418879 Bloemfontein_0_0
284 356 525.654999573798 533.0544854766521 Kimberley_0_0
285 357 533.3435834815649 540.743069384419 Kimberley_1_0
265 333 542.6491260648156 550.0486119676697 Bloemfontein_0_1
282 354 552.2337367070758 559.6332226099298 Jetpark_0_0
270 340 566.3419273813661 573.7414132842201 Durban_0_0
295 367 574.0200402698762 581.4195261727302 Pietermaritzburg_1_0
294 366 581.4931178146096 588.8926037174637 Pietermaritzburg_0_1
296 368 589.0182736045226 596.4177595073767 Pietermaritzburg_1_1
313 387 599.5786895824866 606.9781754853407 Welkom_0_0
291 363 610.1917036541853 617.5911895570393 Newcastle_0_0
292 364 617.7152678219497 625.1147537248038 Newcastle_1_0
305 377 626.484425110407 633.883911013261 Roodepoort_0_0
307 379 634.0424921566283 641.4419780594824 Roodepoort_1_0
262 330 641.5270403819083 648.9265262847623 Bedfordview_0_0
273 343 648.9619923497838 656.3614782526379 EDENVALE_0_0
306 378 656.5823584702941 663.9818443731482 Roodepoort_0_1
286 358 664.1904639798348 671.5899498826889 LINBRO PARK_0_0
309 381 671.6674252174911 679.0669111203451 Spartan_0_0
280 352 679.1583244122322 686.5578103150863 Greenstone_1_0
308 380 686.7779321135525 694.1774180164066 Roodepoort_1_1
263 331 694.2618533218306 701.6613392246846 Bedfordview_0_1
287 359 701.6799032329575 709.0793891358115 Midrand_0_0
279 351 709.1012457291894 716.5007316320434 Greenstone_0_1
288 360 716.6295690488988 724.0290549517529 Midrand_1_0
275 345 724.125043137899 731.524529040753 Gauteng_1_0
281 353 731.5991840512133 738.9986699540674 Greenstone_1_1
268 338 739.1118293376093 746.5113152404633 Centurion_0_0
269 339 746.6607180676716 754.0602039705257 Centurion_1_0
46 64 756.1356721544959 763.5351580573499 Gaborone_0_0
47 65 763.7374217982449 771.136907701099 Gaborone_1_0
314 388 773.7389573494332 781.1384432522873 Witbank_0_0
289 361 782.4225526596163 789.8220385624703 Nelspruit_0_0
297 369 790.3939925366913 797.7934784395453 Polokwane_0_0
299 371 797.9047892322484 805.3042751351024 Polokwane_1_0
298 370 805.3739426690812 812.7734285719353 Polokwane_0_1
300 372 812.8838773191745 820.2833632220286 Polokwane_1_1
197 230 821.458654055888 828.8581399587421 Maputo_0_1
430 585 829.6783564090729 837.0778423119269 Lusaka_0_0
328 418 1621.9443619251251 1629.3438478279793 Cartagena_0_0
329 420 1629.5071156518486 1636.9066015547028 Cartagena_0_1
365 482 1645.833450525999 1653.2329364288532 Valencia_0_0
318 394 1667.8391540944576 1675.2386399973118 Argentona_1_0
179 211 1695.4598296568226 1702.8593155596768 Rome_0_0
181 213 1703.0269487406265 1710.4264346434807 Rome_1_0
182 214 1710.4473872957944 1717.8468731986486 Rome_1_1
85 107 1724.9433741019618 1732.342860004816 Nice_0_0
87 109 1732.4096934351255 1739.8091793379797 Nice_0_1
175 207 1743.3606060355332 1750.7600919383874 Milan_0_0
176 208 1750.800473835501 1758.1999597383551 Milan_0_1
178 210 1758.4242091277422 1765.8236950305964 Milan_1_1
367 484 1809.8884323008435 1817.2879182036977 Vigo_0_0
184 217 1863.2996380209959 1870.69912392385 Verona_0_0
185 218 1870.879052379016 1878.2785382818702 Verona_1_0
383 502 1882.8200865476697 1890.2195724505239 Berne_0_0
125 151 1891.1640531134617 1898.5635390163159 Freiburg_0_0
152 180 1900.5058927763082 1907.9053786791624 Stuttgart_0_0
154 182 1908.1026969272841 1915.5021828301383 Stuttgart_1_0
153 181 1915.6658949857363 1923.0653808885904 Stuttgart_0_1
155 183 1923.2613645438707 1930.660850446725 Stuttgart_1_1
141 169 1931.6149745991843 1939.0144605020384 Mannheim_0_0
30 40 1944.984567583638 1952.3840534864921 Graz_0_0
31 41 1952.4826258013402 1959.8821117041944 Graz_1_0
117 143 1965.546171690343 1972.9456575931972 Frankfurt_0_0
121 147 1973.1434828406557 1980.5429687435098 Frankfurt_1_0
119 145 1980.7056876172032 1988.1051735200574 Frankfurt_0_1
123 149 1988.3016229653692 1995.7011088682234 Frankfurt_1_1
419 564 2012.8845935847362 2020.2840794875904 Littlehampton_1_0
157 185 2035.4047188179202 2042.8042047207744 Troisdorf-Spich_0_0
159 187 2043.0327213309456 2050.4322072337995 Troisdorf-Spich_1_0
107 131 2089.866556751105 2097.2660426539587 Dortmund_0_0
111 135 2097.479605182491 2104.879091085345 Dortmund_1_0
109 133 2105.049534973617 2112.449020876471 Dortmund_0_1
113 137 2112.66099753043 2120.060483433284 Dortmund_1_1
132 158 2122.127130806716 2129.52661670957 Kassel_0_0
134 160 2129.6984786377807 2137.0979645406346 Kassel_1_0
34 44 2141.9043552047838 2149.3038411076377 Vienna_0_0
133 159 2154.255328403741 2161.6548143065947 Kassel_0_1
135 161 2161.825535146586 2169.22502104944 Kassel_1_1
36 46 2135.0637018646753 2142.4631877675292 Vienna_1_0
35 45 2142.5472439006253 2149.9467298034792 Vienna_0_1
37 47 2150.03219607487 2157.431681977724 Vienna_1_1
162 193 2192.1529258492833 2199.5524117521372 Dublin_1_0
161 190 2199.938334644003 2207.337820546857 Dublin_0_0
126 152 2238.1813144352686 2245.5808003381226 Hamburg_0_0
127 153 2245.600958601397 2253.000444504251 Hamburg_0_1
390 514 2269.7965896590326 2277.1960755618866 Aberdeen_0_0
377 495 2295.785689955884 2303.185175858738 Gothenburg_0_0
379 497 2303.290045314465 2310.6895312173187 Gothenburg_1_0
378 496 2310.7881867704477 2318.1876726733017 Gothenburg_0_1
380 498 2318.2919473073034 2325.6914332101574 Gothenburg_1_1
381 499 2328.439345012631 2335.838830915485 Stockholm_0_0
382 500 2335.846999118725 2343.246485021579 Stockholm_0_1
209 249 4559.245636045933 4566.645121948787 Auckland_0_0
216 258 4571.6235946416855 4579.02308054454 Hamilton_0_1
213 255 4579.102488878434 4586.5019747812885 Hamilton_0_0
246 310 7603.696090966463 7611.0955768693175 Vila Franca Xira_0_0
252 316 7611.2139799346105 7618.613465837465 Vila Franca Xira_1_0
249 313 7618.721079111817 7626.120565014671 Vila Franca Xira_0_1
255 319 7626.238415874201 7633.637901777055 Vila Franca Xira_1_1
360 471 7635.233448515116 7642.63293441797 Sevilla_0_0
363 480 7642.718308654226 7650.117794557081 Sevilla_1_1
242 304 7651.547136596325 7658.946622499179 Porto_0_0
243 307 7658.954322538378 7666.353808441232 Porto_0_1
368 485 7666.391756569498 7673.791242472353 Vigo_0_0
371 488 7673.798413003985 7681.197898906839 Vigo_0_1
344 445 7687.568133622408 7694.967619525262 La Coruna_0_0
346 451 7695.064869309222 7702.464355212076 La Coruna_1_0
345 448 7702.556223828121 7709.955709730975 La Coruna_0_1
338 431 7710.052648490773 7717.452134393628 Ferrol_0_0
347 454 7717.452232491941 7724.851718394795 La Coruna_1_1
339 434 7724.856668579211 7732.2561544820655 Ferrol_0_1
323 405 7733.708224066375 7741.107709969229 Barajas_0_0
324 408 7741.108893608929 7748.5083795117835 Barajas_0_1
350 457 7758.309846788645 7765.709332691499 Las Rozas_0_0
359 468 7808.720000863075 7816.11948676593 Santander_0_0
165 197 7838.826816678047 7846.226302580902 Shannon_0_0
168 200 7846.2266242004935 7853.626110103348 Shannon_0_1
403 534 7911.886731564999 7919.286217467853 Belfast_0_1
409 543 7959.774466663599 7967.173952566453 Glasgow_0_0
410 546 7967.221740021813 7974.621225924668 Glasgow_1_0
391 515 8042.32187461853 8049.721360521385 Aberdeen_0_0
29 39 10439.82998970151 10447.229475604363 Sydney_0_1
27 37 10447.313418778891 10454.712904681744 Sydney_0_0
7 7 10506.383065074682 10513.782550977536 Adelaide_1_1
3 3 10514.07929140064 10521.478777303493 Adelaide_0_1
21 23 10541.490156993266 10548.88964289612 Derrimut_1_1
5 5 10568.488013831588 10575.887499734441 Adelaide_1_0
15 17 10594.91817826087 10602.317664163724 Derrimut_0_1
1 1 10621.647100918257 10629.04658682111 Adelaide_0_0
18 20 10649.11349770999 10656.512983612844 Derrimut_1_0
12 14 10657.079375357713 10664.478861260566 Derrimut_0_0
54 72 12553.30598193407 12560.705467836924 Rio De Janeiro_1_0
53 71 12560.897061583024 12568.296547485877 Rio De Janeiro_0_0
57 75 12592.505259692669 12599.904745595522 Santos_1_0
58 76 12599.918447191654 12607.317933094508 Santos_1_1
55 73 12607.443446966776 12614.84293286963 Santos_0_0
56 74 12614.856124360385 12622.255610263239 Santos_0_1
50 68 12622.346355212001 12629.745841114855 Guarulhos_0_0
59 77 12629.849493376434 12637.248979279288 Sao Paulo_0_0
51 69 12637.36570338966 12644.765189292513 Guarulhos_0_1
60 78 12644.869399820864 12652.268885723717 Sao Paulo_0_1
48 66 12652.48822591525 12659.887711818103 Campinas_0_0
49 67 12659.899590374305 12667.299076277159 Campinas_0_1
52 70 12668.20747996298 12675.606965865834 Paranagua_0_0
62 80 13736.23810377717 13743.637589680024 Cambridge_1_0
61 79 13743.734090380716 13751.13357628357 Cambridge_0_0
